5.861181259155273438e+00 -2.225495576858520508e-01 5.928243637084960938e+00 -2.094940990209579468e-01
5.870018482208251953e+00 -2.063073515892028809e-01 5.927805423736572266e+00 -2.071694880723953247e-01
5.878854274749755859e+00 -1.936379969120025635e-01 5.927550315856933594e+00 -2.069594860076904297e-01
5.887690544128417969e+00 -1.856588125228881836e-01 5.927645683288574219e+00 -2.087541073560714722e-01
6.248357295989990234e+00 1.754837110638618469e-02 6.448666095733642578e+00 -4.116090387105941772e-02
5.896783351898193359e+00 -1.782125830650329590e-01 5.936777591705322266e+00 -2.100985497236251831e-01
5.911723136901855469e+00 -1.707662940025329590e-01 5.962140560150146484e+00 -2.127256244421005249e-01
6.272722244262695312e+00 5.521832406520843506e-02 6.468904972076416016e+00 -1.809934340417385101e-02
5.932993412017822266e+00 -1.645646989345550537e-01 5.994204044342041016e+00 -2.089409083127975464e-01
5.954705238342285156e+00 -1.574206650257110596e-01 6.029714584350585938e+00 -2.045031189918518066e-01
6.322561740875244141e+00 1.160215809941291809e-01 6.509741783142089844e+00 2.143026515841484070e-02
6.034559726715087891e+00 -2.966749668121337891e-02 6.187805175781250000e+00 1.294181682169437408e-02
5.852345466613769531e+00 -2.407225668430328369e-01 5.935787200927734375e+00 -2.129876762628555298e-01
6.187370777130126953e+00 -9.060988575220108032e-02 6.401150226593017578e+00 -9.213463962078094482e-02
6.440108299255371094e+00 -4.662317633628845215e-01 6.568138599395751953e+00 -5.418530702590942383e-01
6.458657741546630859e+00 -4.366425275802612305e-01 6.588622093200683594e+00 -5.115088820457458496e-01
6.477206707000732422e+00 -4.077305495738983154e-01 6.618046283721923828e+00 -4.797571003437042236e-01
6.473497390747070312e+00 -4.135977625846862793e-01 6.612161636352539062e+00 -4.861074388027191162e-01
6.145204544067382812e+00 -7.717291116714477539e-01 6.310024738311767578e+00 -8.017035126686096191e-01
6.495755672454833984e+00 -3.725054860115051270e-01 6.647470951080322266e+00 -4.540223479270935059e-01
6.426216602325439453e+00 -4.969031214714050293e-01 6.552065372467041016e+00 -5.709935426712036133e-01
6.183246612548828125e+00 -2.481644600629806519e-02 6.371489048004150391e+00 3.439668715000152588e-01
6.333295822143554688e+00 -7.755466550588607788e-02 6.522567749023437500e+00 3.885625302791595459e-01
6.338301181793212891e+00 -7.203180342912673950e-02 6.523117542266845703e+00 3.970291614532470703e-01
6.358318805694580078e+00 -4.698343575000762939e-02 6.531158447265625000e+00 4.235215485095977783e-01
6.368328571319580078e+00 -2.393306046724319458e-02 6.540477275848388672e+00 4.314490258693695068e-01
6.383342742919921875e+00 9.706676006317138672e-03 6.561546325683593750e+00 4.442877471446990967e-01
6.378337860107421875e+00 7.458031177520751953e-04 6.554216384887695312e+00 4.394342005252838135e-01
6.011658668518066406e+00 -1.309539675712585449e-01 6.246583461761474609e+00 -1.344582438468933105e-01
5.707118034362792969e+00 -1.911278069019317627e-01 5.817840099334716797e+00 -1.331212669610977173e-01
6.412498474121093750e+00 5.308211594820022583e-02 6.598196506500244141e+00 4.654043018817901611e-01
6.208456993103027344e+00 -4.204355180263519287e-02 6.299945831298828125e+00 3.477432727813720703e-01
6.236330032348632812e+00 -7.343533635139465332e-02 6.352880954742431641e+00 3.416230082511901855e-01
6.348310470581054688e+00 -6.202924996614456177e-02 6.524219512939453125e+00 4.120075702667236328e-01
6.274046421051025391e+00 -8.683467656373977661e-02 6.409909248352050781e+00 3.429018557071685791e-01
6.317988395690917969e+00 -9.809006005525588989e-02 6.519812583923339844e+00 3.419283628463745117e-01
5.954705238342285156e+00 -1.574206650257110596e-01 6.029714584350585938e+00 -2.045031189918518066e-01
5.701107978820800781e+00 1.409067392349243164e+00 5.721508026123046875e+00 1.503991842269897461e+00
6.322561740875244141e+00 1.160215809941291809e-01 6.509741783142089844e+00 2.143026515841484070e-02
5.852345466613769531e+00 -2.407225668430328369e-01 5.935787200927734375e+00 -2.129876762628555298e-01
5.591716766357421875e+00 1.323381781578063965e+00 5.602296829223632812e+00 1.491123795509338379e+00
6.187370777130126953e+00 -9.060988575220108032e-02 6.401150226593017578e+00 -9.213463962078094482e-02
5.938760280609130859e+00 3.424787148833274841e-02 6.120096683502197266e+00 9.444028884172439575e-02
5.635499477386474609e+00 -2.510025501251220703e-01 5.541156291961669922e+00 -2.121142148971557617e-01
5.347344875335693359e+00 1.200910449028015137e+00 5.338789463043212891e+00 1.602398633956909180e+00
6.145204544067382812e+00 -7.717291116714477539e-01 6.310024738311767578e+00 -8.017035126686096191e-01
5.846479892730712891e+00 -9.462789297103881836e-01 5.956995487213134766e+00 -1.048698544502258301e+00
6.495755672454833984e+00 -3.725054860115051270e-01 6.647470951080322266e+00 -4.540223479270935059e-01
6.054837226867675781e+00 -8.753237128257751465e-01 6.368009090423583984e+00 -9.577410817146301270e-01
5.857555389404296875e+00 -1.067283272743225098e+00 5.980913162231445312e+00 -1.199052453041076660e+00
6.426216602325439453e+00 -4.969031214714050293e-01 6.552065372467041016e+00 -5.709935426712036133e-01
6.011658668518066406e+00 -1.309539675712585449e-01 6.246583461761474609e+00 -1.344582438468933105e-01
5.707118034362792969e+00 -1.911278069019317627e-01 5.817840099334716797e+00 -1.331212669610977173e-01
6.412498474121093750e+00 5.308211594820022583e-02 6.598196506500244141e+00 4.654043018817901611e-01
5.960432529449462891e+00 -1.912866532802581787e-01 6.235828399658203125e+00 -2.104450315237045288e-01
5.698895454406738281e+00 -2.712850868701934814e-01 5.952264308929443359e+00 -2.214347422122955322e-01
6.317988395690917969e+00 -9.809006005525588989e-02 6.519812583923339844e+00 3.419283628463745117e-01
6.034559726715087891e+00 -2.966749668121337891e-02 6.187805175781250000e+00 1.294181682169437408e-02
5.977639198303222656e+00 5.464293435215950012e-02 6.073947429656982422e+00 9.730086475610733032e-02
5.962300777435302734e+00 7.975161075592041016e-02 6.062928676605224609e+00 1.175823137164115906e-01
6.464990139007568359e+00 -3.389194011688232422e-01 6.395908355712890625e+00 -4.218040406703948975e-01
6.461682319641113281e+00 -3.331271708011627197e-01 6.402722835540771484e+00 -4.235277175903320312e-01
6.477206707000732422e+00 -4.077305495738983154e-01 6.618046283721923828e+00 -4.797571003437042236e-01
6.458657741546630859e+00 -4.366425275802612305e-01 6.588622093200683594e+00 -5.115088820457458496e-01
5.934896469116210938e+00 -8.375390619039535522e-02 5.885452270507812500e+00 -8.039394766092300415e-02
6.383342742919921875e+00 9.706676006317138672e-03 6.561546325683593750e+00 4.442877471446990967e-01
6.333295822143554688e+00 -7.755465060472488403e-02 6.522566795349121094e+00 3.885626494884490967e-01
