7.649163007736206055e-01 1.513674497604370117e+00 2.357794761657714844e+00 5.336221218109130859e+00
8.989158272743225098e-01 1.631913304328918457e+00 2.307760715484619141e+00 5.303097248077392578e+00
1.034903168678283691e+00 1.756639480590820312e+00 2.258144855499267578e+00 5.274471282958984375e+00
1.175328135490417480e+00 1.903138279914855957e+00 2.208737373352050781e+00 5.248233795166015625e+00
9.356991648674011230e-01 1.621031761169433594e+00 2.459525108337402344e+00 5.428221702575683594e+00
1.331777930259704590e+00 2.053014993667602539e+00 2.166721343994140625e+00 5.227477073669433594e+00
1.508527517318725586e+00 2.225099802017211914e+00 2.128068447113037109e+00 5.207859039306640625e+00
1.139352679252624512e+00 1.853528380393981934e+00 2.385079622268676758e+00 5.426124572753906250e+00
1.696273207664489746e+00 2.408476114273071289e+00 2.095358610153198242e+00 5.188941478729248047e+00
1.886801600456237793e+00 2.614955663681030273e+00 2.063447475433349609e+00 5.171761512756347656e+00
1.480573058128356934e+00 2.216937303543090820e+00 2.295251131057739258e+00 5.447138309478759766e+00
5.585340857505798340e-01 1.312738656997680664e+00 2.721909761428833008e+00 5.462696552276611328e+00
6.394449472427368164e-01 1.417690157890319824e+00 2.407828807830810547e+00 5.373633384704589844e+00
5.736887454986572266e-01 1.276020050048828125e+00 2.668470382690429688e+00 5.495685100555419922e+00
1.096927404403686523e+00 2.790875196456909180e+00 2.294356346130371094e+00 5.322544097900390625e+00
1.314054727554321289e+00 2.793731212615966797e+00 2.245312213897705078e+00 5.317702293395996094e+00
1.555850744247436523e+00 2.870267391204833984e+00 2.199567794799804688e+00 5.326557159423828125e+00
1.505500793457031250e+00 2.853727817535400391e+00 2.207514524459838867e+00 5.324707031250000000e+00
2.153478860855102539e+00 3.387959718704223633e+00 2.020757198333740234e+00 5.057965755462646484e+00
1.822276592254638672e+00 2.953832864761352539e+00 2.168738842010498047e+00 5.335810184478759766e+00
9.379603266716003418e-01 2.822877407073974609e+00 2.345252037048339844e+00 5.351698875427246094e+00
1.182391285896301270e+00 2.576244354248046875e+00 2.236315250396728516e+00 5.112516880035400391e+00
9.855340123176574707e-01 2.549915552139282227e+00 2.364724397659301758e+00 5.348229408264160156e+00
1.022718071937561035e+00 2.535707712173461914e+00 2.353311538696289062e+00 5.345428466796875000e+00
1.199550628662109375e+00 2.506592512130737305e+00 2.315100431442260742e+00 5.334581851959228516e+00
1.299020886421203613e+00 2.545032739639282227e+00 2.296711921691894531e+00 5.332176208496093750e+00
1.451692700386047363e+00 2.610879898071289062e+00 2.270295381546020508e+00 5.328717708587646484e+00
1.400293469429016113e+00 2.588452100753784180e+00 2.279027938842773438e+00 5.329870223999023438e+00
2.026715517044067383e+00 3.273405313491821289e+00 2.036019086837768555e+00 5.084339618682861328e+00
2.462396621704101562e+00 3.760339021682739258e+00 1.916427254676818848e+00 4.889216899871826172e+00
1.720517992973327637e+00 2.733463287353515625e+00 2.227252960205078125e+00 5.327301979064941406e+00
1.010450243949890137e+00 2.538911581039428711e+00 2.276862382888793945e+00 5.153291225433349609e+00
8.961696028709411621e-01 2.520432233810424805e+00 2.326517343521118164e+00 5.213641643524169922e+00
1.104763031005859375e+00 2.509137392044067383e+00 2.333488941192626953e+00 5.339826583862304688e+00
8.404650688171386719e-01 2.525106191635131836e+00 2.378840208053588867e+00 5.296693325042724609e+00
8.374541401863098145e-01 2.621493577957153320e+00 2.423925161361694336e+00 5.381186008453369141e+00
1.886801600456237793e+00 2.614955663681030273e+00 2.063447475433349609e+00 5.171761512756347656e+00
2.168593883514404297e+00 3.066334009170532227e+00 1.929577469825744629e+00 4.885168552398681641e+00
1.480573058128356934e+00 2.216937303543090820e+00 2.295251131057739258e+00 5.447138309478759766e+00
6.394449472427368164e-01 1.417690157890319824e+00 2.407828807830810547e+00 5.373633384704589844e+00
9.069456458091735840e-01 1.794620275497436523e+00 2.167545795440673828e+00 5.198067188262939453e+00
5.736887454986572266e-01 1.276020050048828125e+00 2.668470382690429688e+00 5.495685100555419922e+00
6.756488680839538574e-01 1.477658748626708984e+00 2.818737506866455078e+00 5.471992492675781250e+00
8.210181593894958496e-01 1.595774650573730469e+00 2.538515329360961914e+00 5.336943626403808594e+00
1.078668117523193359e+00 1.991981387138366699e+00 2.300833225250244141e+00 5.221554756164550781e+00
2.153478860855102539e+00 3.387959718704223633e+00 2.020757198333740234e+00 5.057965755462646484e+00
2.477796077728271484e+00 3.959135532379150391e+00 1.885464429855346680e+00 4.837209701538085938e+00
1.822276592254638672e+00 2.953832864761352539e+00 2.168738842010498047e+00 5.335810184478759766e+00
1.411877751350402832e+00 3.321530342102050781e+00 2.101795434951782227e+00 5.176939964294433594e+00
1.853817582130432129e+00 3.755255222320556641e+00 1.904852747917175293e+00 4.878899097442626953e+00
9.379603266716003418e-01 2.822877407073974609e+00 2.345252037048339844e+00 5.351698875427246094e+00
2.026715517044067383e+00 3.273405313491821289e+00 2.036019086837768555e+00 5.084339618682861328e+00
2.462396621704101562e+00 3.760339021682739258e+00 1.916427254676818848e+00 4.889216899871826172e+00
1.720517992973327637e+00 2.733463287353515625e+00 2.227252960205078125e+00 5.327301979064941406e+00
1.210726022720336914e+00 3.041965961456298828e+00 2.155979633331298828e+00 5.270483970642089844e+00
1.568111181259155273e+00 3.239108324050903320e+00 2.008137226104736328e+00 5.076989173889160156e+00
8.374541401863098145e-01 2.621493577957153320e+00 2.423925161361694336e+00 5.381186008453369141e+00
5.585340857505798340e-01 1.312738656997680664e+00 2.721909761428833008e+00 5.462696552276611328e+00
9.910767078399658203e-01 1.633844614028930664e+00 2.587713479995727539e+00 5.290367603302001953e+00
1.015311002731323242e+00 1.698147058486938477e+00 2.612380504608154297e+00 5.290329456329345703e+00
2.572834730148315430e+00 3.257528305053710938e+00 1.922415137290954590e+00 5.045344829559326172e+00
2.535718441009521484e+00 3.246954679489135742e+00 1.927459239959716797e+00 5.036354541778564453e+00
1.555850744247436523e+00 2.870267391204833984e+00 2.199567794799804688e+00 5.326557159423828125e+00
1.314054727554321289e+00 2.793731212615966797e+00 2.245312213897705078e+00 5.317702293395996094e+00
2.513981819152832031e+00 3.323703050613403320e+00 1.916622757911682129e+00 4.917754650115966797e+00
1.451692700386047363e+00 2.610879898071289062e+00 2.270295381546020508e+00 5.328717708587646484e+00
9.855340719223022461e-01 2.549915790557861328e+00 2.364724636077880859e+00 5.348229408264160156e+00
